{
 "cells": [
  {
   "cell_type": "markdown",
   "metadata": {},
   "source": [
    "# Forest Fire Analysis: Saving Multiple Results in One Job\n",
    "\n",
    "Wildfires have a significant impact on ecosystems, making it crucial to detect and analyze affected areas efficiently. In this notebook, we demonstrate how to use Sentinel-2 collections offered in the Copernicus Data Space Ecosystem (CDSE) to map wildfire, following the approach outlined in [Nolde et al. (2020)]( https://www.mdpi.com/2072-4292/12/13/2162#).\n",
    "\n",
    "Here, we want to replicate only a part of the workflow. It involves calculating cloud-free NBR for pre, near-real-time(nrt) and post-fire data and comparing them.\n",
    "\n",
    "Beyond showcasing this use case, we highlight the power of openEO's [`MultiResult`](https://open-eo.github.io/openeo-python-client/api.html#module-openeo.rest.multiresult) functionality, which allows multiple results to be retrieved within a single process call. This improves efficiency by enabling seamless access to both intermediate and final outputs in a structured manner."
   ]
  },
  {
   "cell_type": "code",
   "execution_count": 1,
   "metadata": {},
   "outputs": [],
   "source": [
    "import scipy\n",
    "import numpy as np\n",
    "\n",
    "import openeo\n",
    "from openeo import MultiResult\n",
    "from openeo.extra.spectral_indices import compute_indices\n",
    "\n",
    "import matplotlib.pyplot as plt\n",
    "import matplotlib\n",
    "import matplotlib.patches as mpatches\n",
    "import rasterio\n",
    "from rasterio.plot import show"
   ]
  },
  {
   "cell_type": "code",
   "execution_count": 2,
   "metadata": {},
   "outputs": [
    {
     "name": "stdout",
     "output_type": "stream",
     "text": [
      "Authenticated using refresh token.\n"
     ]
    }
   ],
   "source": [
    "connection = openeo.connect(\"openeo.dataspace.copernicus.eu\").authenticate_oidc()"
   ]
  },
  {
   "cell_type": "markdown",
   "metadata": {},
   "source": [
    "To begin, we established a connection to CDSE backend in the previous step. \n",
    "The next step is to identify and define the area of interest (AOI) where we want to detect the wildfire and the temporal range for which we want to analyze the data.\n",
    "\n",
    "For this usecase we select an area in Jaen/Spain where fire was noted on 2017/08/03 *(source: https://emergency.copernicus.eu/mapping/list-of-components/EMSR219)*."
   ]
  },
  {
   "cell_type": "code",
   "execution_count": 3,
   "metadata": {},
   "outputs": [],
   "source": [
    "extent = {\"west\": -2.6910, \"south\": 38.2239, \"east\": -2.5921, \"north\": 38.3002}"
   ]
  },
  {
   "cell_type": "markdown",
   "metadata": {},
   "source": [
    "Since the objective is to analyze the differences between pre-, nrt- and post-forestfire, we will define separate time ranges for each as shown below:"
   ]
  },
  {
   "cell_type": "code",
   "execution_count": 4,
   "metadata": {},
   "outputs": [],
   "source": [
    "pre_temporal_extent = [\"2017-05-03\", \"2017-08-03\"]\n",
    "nrt_temporal_extent = [\"2017-08-03\", \"2017-08-08\"]\n",
    "post_temporal_extent = [\"2017-08-03\", \"2017-11-03\"]"
   ]
  },
  {
   "cell_type": "markdown",
   "metadata": {},
   "source": [
    "Wildfire regions often have cloud cover, making it difficult to assess the severity of affected areas accurately. This is especially problematic when comparing data from just before or after the forestfire event. To address this, we preprocess the NBR data using the following method, which selects cloud-free pixels right before or after the fire event. The function uses a combination of cloud masking, smoothing, and morphological operations to filter out unreliable data.  By doing this, the resulting data becomes more reliable and can better reflect the actual conditions of the land before and after the forestfire."
   ]
  },
  {
   "cell_type": "code",
   "execution_count": 5,
   "metadata": {},
   "outputs": [],
   "source": [
    "# define a function to identify cloud-free pixels in the available data-cube\n",
    "\n",
    "\n",
    "def get_cloud_free_pixels(scl, data, reducer=\"first\"):\n",
    "    mask = (scl == 3) | (scl == 8) | (scl == 9) | (scl == 10)\n",
    "\n",
    "    # mask is a bit noisy, so we apply smoothening\n",
    "    # 2D gaussian kernel\n",
    "    g = scipy.signal.windows.gaussian(11, std=1.6)\n",
    "    kernel = np.outer(g, g)\n",
    "    kernel = kernel / kernel.sum()\n",
    "\n",
    "    # Morphological dilation of mask: convolution + threshold\n",
    "    mask = mask.apply_kernel(kernel)\n",
    "    mask = mask > 0.1\n",
    "\n",
    "    data_masked = data.mask(mask)\n",
    "\n",
    "    # now select Pixel with the requested reducer\n",
    "    return data_masked.reduce_dimension(reducer=reducer, dimension=\"t\")"
   ]
  },
  {
   "cell_type": "markdown",
   "metadata": {},
   "source": [
    "## Calculate NBR\n",
    "\n",
    "Though, NDVI is a good indicator of vegetation health, the Normalized Burn Ratio (NBR) index could be a better choice, which is more sensitive to burnt areas as suggested by Nolde et al.(2020).\n",
    "\n",
    "*Quoted: \"Optionally, the system can utilize the Normalized Burn Ratio (NBR) index ([40], see Equations (3) and (4)) instead of the NDVI. This index features superior capabilities for burnt area discrimination compared to the NDVI\"*\n",
    "\n",
    "Therefore, we define a reusable function to streamline the process of computing NBR for different time periods. This function loads the Sentinel-2 L2A collection, calculates NBR, and applies the `get_cloud_free_pixels` method. By adjusting the time range and reducer, we can use the same function for pre-fire, near-real-time, and post-fire NBR calculations.\n",
    "\n",
    "To analyze the vegetation state before the wildfire, we load the Sentinel-2 L2A collection with few bands and calculate the NBR. Similarly, we calculate the NBR for the near-real-time and post-fire period with different time ranges and reducers passed to the  method."
   ]
  },
  {
   "cell_type": "markdown",
   "metadata": {},
   "source": [
    "For NBR computation, we rely on the [`compute_indices`](https://open-eo.github.io/openeo-python-client/cookbook/spectral_indices.html#openeo.extra.spectral_indices.compute_indices) process of openEO. It simplifies the generation of vegetation indices by internally performing band math. It supports a wide range of indices and ensures consistency and readability in remote sensing workflows, reducing the need to manually implement index formulas. The list of supported indices can be found in this [documentation](https://awesome-ee-spectral-indices.readthedocs.io/en/latest/)."
   ]
  },
  {
   "cell_type": "code",
   "execution_count": 6,
   "metadata": {},
   "outputs": [],
   "source": [
    "def cal_nbr(temporal_extent, reducer):\n",
    "    s2_cube = connection.load_collection(\n",
    "        \"SENTINEL2_L2A\",\n",
    "        temporal_extent=temporal_extent,\n",
    "        spatial_extent=extent,\n",
    "        bands=[\"B08\", \"B12\"],\n",
    "        max_cloud_cover=90,\n",
    "    )\n",
    "\n",
    "    scl = connection.load_collection(\n",
    "        \"SENTINEL2_L2A\",\n",
    "        temporal_extent=temporal_extent,\n",
    "        spatial_extent=extent,\n",
    "        bands=[\"SCL\"],\n",
    "        max_cloud_cover=90,\n",
    "    )\n",
    "\n",
    "    # compute NBR\n",
    "    nbr = compute_indices(s2_cube, indices=[\"NBR\"])\n",
    "    \n",
    "    # get cloud free pixel\n",
    "    nbr_cloud_free = get_cloud_free_pixels(scl, nbr, reducer=reducer)\n",
    "\n",
    "    return nbr_cloud_free"
   ]
  },
  {
   "cell_type": "markdown",
   "metadata": {},
   "source": [
    "To analyze wildfire impact, we compute NBR for three key phases, each requiring a different temporal range and reducer to handle cloud cover effectively:\n",
    "1. Pre-event NBR – We use the \"last\" reducer to select the most recent cloud-free pixel before the fire, ensuring an accurate baseline for comparison.\n",
    "2. Near-Real-Time (NRT) NBR – Since immediate detection is crucial, we use the \"first\" reducer to select the earliest available image after the fire, even if some cloud cover remains.\n",
    "3. Post-event NBR – Similar to pre-event processing, we use the \"first\" reducer to capture the earliest cloud-free pixel after the fire, ensuring reliable post-fire assessment.\n"
   ]
  },
  {
   "cell_type": "code",
   "execution_count": 7,
   "metadata": {},
   "outputs": [],
   "source": [
    "nbr_pre = cal_nbr(pre_temporal_extent, \"last\")\n",
    "nbr_nrt = cal_nbr(nrt_temporal_extent, \"first\")\n",
    "nbr_post = cal_nbr(post_temporal_extent, \"first\")"
   ]
  },
  {
   "cell_type": "markdown",
   "metadata": {},
   "source": [
    "At this stage, we have only defined the workflow but have not executed it yet. Rather than running separate jobs for each temporal stage (pre-fire, near-real-time, and post-fire), we save it these results so that we can combine them into a single openEO job in later stage."
   ]
  },
  {
   "cell_type": "code",
   "execution_count": null,
   "metadata": {},
   "outputs": [],
   "source": [
    "# first result\n",
    "nbr_pre_result = nbr_pre.save_result(format=\"GTiff\", options={\"filename_prefix\": \"NBR\"})\n",
    "\n",
    "# save NBR for NRT mode for comparison as second result\n",
    "nbr_nrt_result = nbr_nrt.save_result(format=\"GTiff\", options={\"filename_prefix\": \"NRT_NBR\"})\n",
    "\n",
    "# save NBR for post-event mode for comparison\n",
    "nbr_post_result = nbr_post.save_result(format=\"GTiff\", options={\"filename_prefix\": \"Post_NBR\"})"
   ]
  },
  {
   "cell_type": "code",
   "execution_count": 9,
   "metadata": {},
   "outputs": [
    {
     "data": {
      "text/html": [
       "\n",
       "    <script>\n",
       "    if (!window.customElements || !window.customElements.get('openeo-model-builder')) {\n",
       "        var el = document.createElement('script');\n",
       "        el.src = \"https://cdn.jsdelivr.net/npm/@openeo/vue-components@2/assets/openeo.min.js\";\n",
       "        document.head.appendChild(el);\n",
       "\n",
       "        var font = document.createElement('font');\n",
       "        font.as = \"font\";\n",
       "        font.type = \"font/woff2\";\n",
       "        font.crossOrigin = true;\n",
       "        font.href = \"https://use.fontawesome.com/releases/v5.13.0/webfonts/fa-solid-900.woff2\"\n",
       "        document.head.appendChild(font);\n",
       "    }\n",
       "    </script>\n",
       "    <openeo-model-builder>\n",
       "        <script type=\"application/json\">{\"id\": \"475ccacd093549e183cd5161d06a24c7\", \"explicit-zoom\": true, \"height\": \"400px\", \"value\": {\"process_graph\": {\"loadcollection1\": {\"process_id\": \"load_collection\", \"arguments\": {\"bands\": [\"B08\", \"B12\"], \"id\": \"SENTINEL2_L2A\", \"properties\": {\"eo:cloud_cover\": {\"process_graph\": {\"lte1\": {\"process_id\": \"lte\", \"arguments\": {\"x\": {\"from_parameter\": \"value\"}, \"y\": 90}, \"result\": true}}}}, \"spatial_extent\": {\"west\": -2.691, \"south\": 38.2239, \"east\": -2.5921, \"north\": 38.3002}, \"temporal_extent\": [\"2017-08-03\", \"2017-11-03\"]}}, \"applydimension1\": {\"process_id\": \"apply_dimension\", \"arguments\": {\"data\": {\"from_node\": \"loadcollection1\"}, \"dimension\": \"bands\", \"process\": {\"process_graph\": {\"arrayelement1\": {\"process_id\": \"array_element\", \"arguments\": {\"data\": {\"from_parameter\": \"data\"}, \"index\": 0}}, \"arrayelement2\": {\"process_id\": \"array_element\", \"arguments\": {\"data\": {\"from_parameter\": \"data\"}, \"index\": 1}}, \"subtract1\": {\"process_id\": \"subtract\", \"arguments\": {\"x\": {\"from_node\": \"arrayelement1\"}, \"y\": {\"from_node\": \"arrayelement2\"}}}, \"add1\": {\"process_id\": \"add\", \"arguments\": {\"x\": {\"from_node\": \"arrayelement1\"}, \"y\": {\"from_node\": \"arrayelement2\"}}}, \"divide1\": {\"process_id\": \"divide\", \"arguments\": {\"x\": {\"from_node\": \"subtract1\"}, \"y\": {\"from_node\": \"add1\"}}}, \"arraycreate1\": {\"process_id\": \"array_create\", \"arguments\": {\"data\": [{\"from_node\": \"divide1\"}]}, \"result\": true}}}}}, \"renamelabels1\": {\"process_id\": \"rename_labels\", \"arguments\": {\"data\": {\"from_node\": \"applydimension1\"}, \"dimension\": \"bands\", \"target\": [\"NBR\"]}}, \"loadcollection2\": {\"process_id\": \"load_collection\", \"arguments\": {\"bands\": [\"SCL\"], \"id\": \"SENTINEL2_L2A\", \"properties\": {\"eo:cloud_cover\": {\"process_graph\": {\"lte2\": {\"process_id\": \"lte\", \"arguments\": {\"x\": {\"from_parameter\": \"value\"}, \"y\": 90}, \"result\": true}}}}, \"spatial_extent\": {\"west\": -2.691, \"south\": 38.2239, \"east\": -2.5921, \"north\": 38.3002}, \"temporal_extent\": [\"2017-08-03\", \"2017-11-03\"]}}, \"apply1\": {\"process_id\": \"apply\", \"arguments\": {\"data\": {\"from_node\": \"loadcollection2\"}, \"process\": {\"process_graph\": {\"eq1\": {\"process_id\": \"eq\", \"arguments\": {\"x\": {\"from_parameter\": \"x\"}, \"y\": 3}, \"result\": true}}}}}, \"apply2\": {\"process_id\": \"apply\", \"arguments\": {\"data\": {\"from_node\": \"loadcollection2\"}, \"process\": {\"process_graph\": {\"eq2\": {\"process_id\": \"eq\", \"arguments\": {\"x\": {\"from_parameter\": \"x\"}, \"y\": 8}, \"result\": true}}}}}, \"mergecubes1\": {\"process_id\": \"merge_cubes\", \"arguments\": {\"cube1\": {\"from_node\": \"apply1\"}, \"cube2\": {\"from_node\": \"apply2\"}, \"overlap_resolver\": {\"process_graph\": {\"or1\": {\"process_id\": \"or\", \"arguments\": {\"x\": {\"from_parameter\": \"x\"}, \"y\": {\"from_parameter\": \"y\"}}, \"result\": true}}}}}, \"apply3\": {\"process_id\": \"apply\", \"arguments\": {\"data\": {\"from_node\": \"loadcollection2\"}, \"process\": {\"process_graph\": {\"eq3\": {\"process_id\": \"eq\", \"arguments\": {\"x\": {\"from_parameter\": \"x\"}, \"y\": 9}, \"result\": true}}}}}, \"mergecubes2\": {\"process_id\": \"merge_cubes\", \"arguments\": {\"cube1\": {\"from_node\": \"mergecubes1\"}, \"cube2\": {\"from_node\": \"apply3\"}, \"overlap_resolver\": {\"process_graph\": {\"or2\": {\"process_id\": \"or\", \"arguments\": {\"x\": {\"from_parameter\": \"x\"}, \"y\": {\"from_parameter\": \"y\"}}, \"result\": true}}}}}, \"apply4\": {\"process_id\": \"apply\", \"arguments\": {\"data\": {\"from_node\": \"loadcollection2\"}, \"process\": {\"process_graph\": {\"eq4\": {\"process_id\": \"eq\", \"arguments\": {\"x\": {\"from_parameter\": \"x\"}, \"y\": 10}, \"result\": true}}}}}, \"mergecubes3\": {\"process_id\": \"merge_cubes\", \"arguments\": {\"cube1\": {\"from_node\": \"mergecubes2\"}, \"cube2\": {\"from_node\": \"apply4\"}, \"overlap_resolver\": {\"process_graph\": {\"or3\": {\"process_id\": \"or\", \"arguments\": {\"x\": {\"from_parameter\": \"x\"}, \"y\": {\"from_parameter\": \"y\"}}, \"result\": true}}}}}, \"applykernel1\": {\"process_id\": \"apply_kernel\", \"arguments\": {\"border\": 0, \"data\": {\"from_node\": \"mergecubes3\"}, \"factor\": 1.0, \"kernel\": [[3.5713954074985053e-06, 2.0713152601434825e-05, 8.128458481216907e-05, 0.00021583600643790027, 0.0003877870659458747, 0.0004714291802648667, 0.0003877870659458747, 0.00021583600643790027, 8.128458481216907e-05, 2.0713152601434825e-05, 3.5713954074985053e-06], [2.0713152601434825e-05, 0.00012013082891620589, 0.00047142918026486666, 0.001251791982720796, 0.002249062833237385, 0.002734165063631252, 0.002249062833237385, 0.001251791982720796, 0.00047142918026486666, 0.00012013082891620589, 2.0713152601434825e-05], [8.128458481216907e-05, 0.00047142918026486666, 0.0018500286230458429, 0.004912404863932368, 0.008825992939554635, 0.01072967868685566, 0.008825992939554635, 0.004912404863932368, 0.0018500286230458429, 0.00047142918026486666, 8.128458481216907e-05], [0.00021583600643790027, 0.001251791982720796, 0.004912404863932368, 0.013043971994042173, 0.023435772887621185, 0.028490654205643125, 0.023435772887621185, 0.013043971994042173, 0.004912404863932368, 0.001251791982720796, 0.00021583600643790027], [0.0003877870659458747, 0.002249062833237385, 0.008825992939554635, 0.023435772887621185, 0.04210645738054507, 0.05118843414323286, 0.04210645738054507, 0.023435772887621185, 0.008825992939554635, 0.002249062833237385, 0.0003877870659458747], [0.0004714291802648667, 0.002734165063631252, 0.01072967868685566, 0.028490654205643125, 0.05118843414323286, 0.0622293100166331, 0.05118843414323286, 0.028490654205643125, 0.01072967868685566, 0.002734165063631252, 0.0004714291802648667], [0.0003877870659458747, 0.002249062833237385, 0.008825992939554635, 0.023435772887621185, 0.04210645738054507, 0.05118843414323286, 0.04210645738054507, 0.023435772887621185, 0.008825992939554635, 0.002249062833237385, 0.0003877870659458747], [0.00021583600643790027, 0.001251791982720796, 0.004912404863932368, 0.013043971994042173, 0.023435772887621185, 0.028490654205643125, 0.023435772887621185, 0.013043971994042173, 0.004912404863932368, 0.001251791982720796, 0.00021583600643790027], [8.128458481216907e-05, 0.00047142918026486666, 0.0018500286230458429, 0.004912404863932368, 0.008825992939554635, 0.01072967868685566, 0.008825992939554635, 0.004912404863932368, 0.0018500286230458429, 0.00047142918026486666, 8.128458481216907e-05], [2.0713152601434825e-05, 0.00012013082891620589, 0.00047142918026486666, 0.001251791982720796, 0.002249062833237385, 0.002734165063631252, 0.002249062833237385, 0.001251791982720796, 0.00047142918026486666, 0.00012013082891620589, 2.0713152601434825e-05], [3.5713954074985053e-06, 2.0713152601434825e-05, 8.128458481216907e-05, 0.00021583600643790027, 0.0003877870659458747, 0.0004714291802648667, 0.0003877870659458747, 0.00021583600643790027, 8.128458481216907e-05, 2.0713152601434825e-05, 3.5713954074985053e-06]], \"replace_invalid\": 0}}, \"apply5\": {\"process_id\": \"apply\", \"arguments\": {\"data\": {\"from_node\": \"applykernel1\"}, \"process\": {\"process_graph\": {\"gt1\": {\"process_id\": \"gt\", \"arguments\": {\"x\": {\"from_parameter\": \"x\"}, \"y\": 0.1}, \"result\": true}}}}}, \"mask1\": {\"process_id\": \"mask\", \"arguments\": {\"data\": {\"from_node\": \"renamelabels1\"}, \"mask\": {\"from_node\": \"apply5\"}}}, \"reducedimension1\": {\"process_id\": \"reduce_dimension\", \"arguments\": {\"data\": {\"from_node\": \"mask1\"}, \"dimension\": \"t\", \"reducer\": {\"process_graph\": {\"first1\": {\"process_id\": \"first\", \"arguments\": {\"data\": {\"from_parameter\": \"data\"}}, \"result\": true}}}}}, \"saveresult1\": {\"process_id\": \"save_result\", \"arguments\": {\"data\": {\"from_node\": \"reducedimension1\"}, \"format\": \"GTiff\", \"options\": {\"filename_prefix\": \"Post_NBR\"}}, \"result\": true}}}}</script>\n",
       "    </openeo-model-builder>\n",
       "    "
      ],
      "text/plain": [
       "<openeo.rest.datacube.DataCube at 0x186557d6a50>"
      ]
     },
     "execution_count": 9,
     "metadata": {},
     "output_type": "execute_result"
    }
   ],
   "source": [
    "# a quick view on the process graph\n",
    "nbr_post_result"
   ]
  },
  {
   "cell_type": "markdown",
   "metadata": {},
   "source": [
    "As mentioned above, let us make the use of openEO’s [`MultiResult`](https://open-eo.github.io/openeo-python-client/api.html#module-openeo.rest.multiresult) feature, which allows us to save multiple results from different steps in a single job. \n",
    "\n",
    "Using [`MultiResult`](https://open-eo.github.io/openeo-python-client/api.html#module-openeo.rest.multiresult) is beneficial because it enables efficient execution by reducing redundant result-saving steps. Instead of running individual computations for each NBR dataset, we bundle them together and execute them in one go. This approach optimizes resource usage and minimizes processing overhead.\n",
    "\n",
    "Handling multiple outputs in a single job ensures consistency in the results and makes tracking and organising different NBR datasets easier. This is particularly useful when dealing with complex workflows that involve multiple processing steps.\n",
    "\n",
    "To implement this, we combine different NBR results into a MultiResult object and create a job to execute."
   ]
  },
  {
   "cell_type": "code",
   "execution_count": 10,
   "metadata": {},
   "outputs": [
    {
     "name": "stdout",
     "output_type": "stream",
     "text": [
      "0:00:00 Job 'j-250406173152426fa668ccda730a76ad': send 'start'\n",
      "0:00:23 Job 'j-250406173152426fa668ccda730a76ad': created (progress 0%)\n",
      "0:00:28 Job 'j-250406173152426fa668ccda730a76ad': created (progress 0%)\n",
      "0:00:34 Job 'j-250406173152426fa668ccda730a76ad': created (progress 0%)\n",
      "0:00:42 Job 'j-250406173152426fa668ccda730a76ad': created (progress 0%)\n",
      "0:00:52 Job 'j-250406173152426fa668ccda730a76ad': created (progress 0%)\n",
      "0:01:05 Job 'j-250406173152426fa668ccda730a76ad': created (progress 0%)\n",
      "0:01:20 Job 'j-250406173152426fa668ccda730a76ad': running (progress N/A)\n",
      "0:01:39 Job 'j-250406173152426fa668ccda730a76ad': running (progress N/A)\n",
      "0:02:03 Job 'j-250406173152426fa668ccda730a76ad': running (progress N/A)\n",
      "0:02:33 Job 'j-250406173152426fa668ccda730a76ad': running (progress N/A)\n",
      "0:03:11 Job 'j-250406173152426fa668ccda730a76ad': running (progress N/A)\n",
      "0:03:58 Job 'j-250406173152426fa668ccda730a76ad': running (progress N/A)\n",
      "0:04:56 Job 'j-250406173152426fa668ccda730a76ad': finished (progress 100%)\n"
     ]
    },
    {
     "data": {
      "text/html": [
       "\n",
       "    <script>\n",
       "    if (!window.customElements || !window.customElements.get('openeo-job')) {\n",
       "        var el = document.createElement('script');\n",
       "        el.src = \"https://cdn.jsdelivr.net/npm/@openeo/vue-components@2/assets/openeo.min.js\";\n",
       "        document.head.appendChild(el);\n",
       "\n",
       "        var font = document.createElement('font');\n",
       "        font.as = \"font\";\n",
       "        font.type = \"font/woff2\";\n",
       "        font.crossOrigin = true;\n",
       "        font.href = \"https://use.fontawesome.com/releases/v5.13.0/webfonts/fa-solid-900.woff2\"\n",
       "        document.head.appendChild(font);\n",
       "    }\n",
       "    </script>\n",
       "    <openeo-job>\n",
