{
 "cells": [
  {
   "cell_type": "markdown",
   "id": "566b6c43-413c-43fe-82d0-5f0798898e22",
   "metadata": {},
   "source": [
    "# Saving Intermediate Results with MultiResult\n",
    "\n",
    "This notebook demonstrates the MultiResult feature of openEO, which enables retrieving multiple results from a single process call. Unlike the approach used in [ForestFire.ipynb](ForestFire.ipynb), we perform the same analysis in this notebook but optimize the workflow by using MultiResult to download all results in one step instead of saving intermediate outputs separately.\n",
    "\n",
    "Therefore, the main objective of this notebook is:\n",
    "\n",
    "* Showcase the usage of MultiResult in the openEO Python Client.\n",
    "* Optimize the forest fire analysis workflow by reducing redundant result-saving steps."
   ]
  },
  {
   "cell_type": "code",
   "execution_count": 1,
   "id": "bf546d4d-aa4b-456e-a9ba-b3e2f2cfd04a",
   "metadata": {},
   "outputs": [],
   "source": [
    "import scipy\n",
    "import numpy as np\n",
    "import matplotlib.pyplot as plt\n",
    "import rasterio\n",
    "from rasterio.plot import show\n",
    "\n",
    "import openeo\n",
    "from openeo import MultiResult"
   ]
  },
  {
   "cell_type": "markdown",
   "id": "beb4c508",
   "metadata": {},
   "source": [
    "Authenticating with the openEO backend and loading the required data is the same as in the [ForestFire.ipynb](ForestFire.ipynb) notebook."
   ]
  },
  {
   "cell_type": "code",
   "execution_count": 2,
   "id": "83e073f8-1738-47a4-b54b-bfb10e9f9c5a",
   "metadata": {},
   "outputs": [
    {
     "name": "stdout",
     "output_type": "stream",
     "text": [
      "Authenticated using refresh token.\n"
     ]
    }
   ],
   "source": [
    "connection = openeo.connect(\"openeo.dataspace.copernicus.eu\").authenticate_oidc()"
   ]
  },
  {
   "cell_type": "code",
   "execution_count": 3,
   "id": "cd64b985-25a6-4c7f-a218-f73054533a07",
   "metadata": {},
   "outputs": [],
   "source": [
    "extent = {\"west\": -2.6910, \"south\": 38.2239, \"east\": -2.5921, \"north\": 38.3002}"
   ]
  },
  {
   "cell_type": "markdown",
   "id": "5b995ab9",
   "metadata": {},
   "source": [
    "As done in the previous notebook, we use the concept of BAP which means the best available cloud-free pixels right before or right after the forest fire event, this is obtained via cloud masking and temporal reduction with \"first\" in post event datacube and \"last\" in pre event datacube date."
   ]
  },
  {
   "cell_type": "code",
   "execution_count": 4,
   "id": "46b6c0c4-0fec-4856-9058-1fc2704c210a",
   "metadata": {},
   "outputs": [],
   "source": [
    "# define a function to identify cloud-free pixels in the available data-cube\n",
    "\n",
    "\n",
    "def getBAP(scl, data, reducer=\"first\"):\n",
    "    mask = (scl == 3) | (scl == 8) | (scl == 9) | (scl == 10)\n",
    "\n",
    "    # mask is a bit noisy, so we apply smoothening\n",
    "    # 2D gaussian kernel\n",
    "    g = scipy.signal.windows.gaussian(11, std=1.6)\n",
    "    kernel = np.outer(g, g)\n",
    "    kernel = kernel / kernel.sum()\n",
    "\n",
    "    # Morphological dilation of mask: convolution + threshold\n",
    "    mask = mask.apply_kernel(kernel)\n",
    "    mask = mask > 0.1\n",
    "\n",
    "    data_masked = data.mask(mask)\n",
    "\n",
    "    # now select Best Available Pixel based on the mask\n",
    "    return data_masked.reduce_dimension(reducer=reducer, dimension=\"t\")"
   ]
  },
  {
   "cell_type": "markdown",
   "id": "af75429b",
   "metadata": {},
   "source": [
    "Firstly, calculate the pre-event NDVI"
   ]
  },
  {
   "cell_type": "code",
   "execution_count": 5,
   "id": "f5e62887-69b7-4a4b-9f51-bdc461f785a2",
   "metadata": {},
   "outputs": [],
   "source": [
    "# load S2 pre-collection\n",
    "s2pre = connection.load_collection(\n",
    "    \"SENTINEL2_L2A\",\n",
    "    temporal_extent=[\"2017-05-03\", \"2017-08-03\"],\n",
    "    spatial_extent=extent,\n",
    "    bands=[\"B04\", \"B08\", \"B12\"],\n",
    "    max_cloud_cover=90,\n",
    ")\n",
    "\n",
    "s2pre_scl = connection.load_collection(\n",
    "    \"SENTINEL2_L2A\",\n",
    "    temporal_extent=[\"2017-05-03\", \"2017-08-03\"],\n",
    "    spatial_extent=extent,\n",
    "    bands=[\"SCL\"],\n",
    "    max_cloud_cover=90,\n",
    ")\n",
    "\n",
    "# calculate ndvi\n",
    "ndvi_pre = s2pre.ndvi()\n",
    "# Create a Pre-event cloud free mosiac\n",
    "ndvi_pre = getBAP(s2pre_scl, ndvi_pre, reducer=\"last\")"
   ]
  },
  {
   "cell_type": "markdown",
   "id": "7c560d22",
   "metadata": {},
   "source": [
    "Before initiating the actual execution on the backend, we explicitly save the intermediate results with a specific name and format."
   ]
  },
  {
   "cell_type": "code",
   "execution_count": 6,
   "id": "913f6bab-2351-4e31-9099-559975d5c91b",
   "metadata": {},
   "outputs": [],
   "source": [
    "# first result\n",
    "ndvi_pre = ndvi_pre.save_result(format=\"GTiff\", options={\"filename_prefix\": \"NDVI\"})"
   ]
  },
  {
   "cell_type": "markdown",
   "id": "6e8524c1",
   "metadata": {},
   "source": [
    "Next, we calculate the NDVI in Near Real-Time (NRT) mode, following a similar approach as before but with differences in the type of reducer used and the temporal extent of the data cube."
   ]
  },
  {
   "cell_type": "code",
   "execution_count": 7,
   "id": "f90953c4-1eac-458c-99ae-71221b08a409",
   "metadata": {},
   "outputs": [],
   "source": [
    "# load S2 Near-real-time(NRT) collection\n",
    "s2nrt = connection.load_collection(\n",
    "    \"SENTINEL2_L2A\",\n",
    "    temporal_extent=[\"2017-08-03\", \"2017-08-08\"],\n",
    "    spatial_extent=extent,\n",
    "    bands=[\"B04\", \"B08\", \"B12\"],\n",
    "    max_cloud_cover=90,\n",
    ")\n",
    "\n",
    "s2nrt_scl = connection.load_collection(\n",
    "    \"SENTINEL2_L2A\",\n",
    "    temporal_extent=[\"2017-08-03\", \"2017-08-08\"],\n",
    "    spatial_extent=extent,\n",
    "    bands=[\"SCL\"],\n",
    "    max_cloud_cover=90,\n",
    ")\n",
    "ndvi_nrt = s2nrt.ndvi()\n",
    "ndvi_nrt = getBAP(s2nrt_scl, ndvi_nrt, reducer=\"first\")"
   ]
  },
  {
   "cell_type": "markdown",
   "id": "cdaaad85",
   "metadata": {},
   "source": [
    "Similarly, to get this as an additional result for visualisation, let's also save this result as an intermediate result."
   ]
  },
  {
   "cell_type": "code",
   "execution_count": 8,
   "id": "de6825c9-ca35-43f4-963f-c70df9e932da",
   "metadata": {},
   "outputs": [],
   "source": [
    "# second result\n",
    "ndvi_nrt = ndvi_nrt.save_result(format=\"GTiff\", options={\"filename_prefix\": \"ndvi_nrt\"})"
   ]
  },
  {
   "cell_type": "markdown",
   "id": "1e621ef2",
   "metadata": {},
   "source": [
    "Then, we calculate the difference between the pre-event and post-event NDVI to pinpoint the areas impacted by the forest fire."
   ]
  },
  {
   "cell_type": "code",
   "execution_count": 9,
   "id": "0efabd61-f1e0-4e10-a98d-05d73d42cb92",
   "metadata": {},
   "outputs": [],
   "source": [
    "# load S2 post collection\n",
    "s2post = connection.load_collection(\n",
    "    \"SENTINEL2_L2A\",\n",
    "    temporal_extent=[\"2017-08-03\", \"2017-11-03\"],\n",
    "    spatial_extent=extent,\n",
    "    bands=[\"B04\", \"B08\", \"B12\"],\n",
    "    max_cloud_cover=90,\n",
    ")\n",
    "\n",
    "s2post_scl = connection.load_collection(\n",
    "    \"SENTINEL2_L2A\",\n",
    "    temporal_extent=[\"2017-08-03\", \"2017-11-03\"],\n",
    "    spatial_extent=extent,\n",
    "    bands=[\"SCL\"],\n",
    "    max_cloud_cover=90,\n",
    ")\n",
    "\n",
    "# calculate post ndvi mosaic\n",
    "ndvi_post = s2post.ndvi()\n",
    "ndvi_post = getBAP(s2post_scl, ndvi_post, reducer=\"first\")"
   ]
  },
  {
   "cell_type": "code",
   "execution_count": 10,
   "id": "854aec64-396b-4a52-ad27-915723bcce9d",
   "metadata": {},
   "outputs": [],
   "source": [
    "# final result\n",
    "ndvi_post = ndvi_post.save_result(\n",
    "    format=\"GTiff\", options={\"filename_prefix\": \"Post_NDVI\"}\n",
    ")"
   ]
  },
  {
   "cell_type": "markdown",
   "id": "bf9cb4b9",
   "metadata": {},
   "source": [
    "Finally, a single job is created to handle multiple results. \n",
    "\n",
    "The MultiResult object is used to group the pre-event, Near Real-Time (NRT), and post-event NDVI data. Then, a job is started using as shown below:"
   ]
  },
  {
   "cell_type": "code",
   "execution_count": 12,
   "id": "42ea31df-f7cf-450d-b51b-ea906bd0c251",
   "metadata": {
    "scrolled": true
   },
   "outputs": [
    {
     "name": "stdout",
     "output_type": "stream",
     "text": [
      "0:00:00 Job 'j-2502031235124c8ba0ffe3fef88bd282': send 'start'\n",
      "0:00:14 Job 'j-2502031235124c8ba0ffe3fef88bd282': created (progress 0%)\n",
      "0:00:21 Job 'j-2502031235124c8ba0ffe3fef88bd282': created (progress 0%)\n",
      "0:00:27 Job 'j-2502031235124c8ba0ffe3fef88bd282': created (progress 0%)\n",
      "0:00:35 Job 'j-2502031235124c8ba0ffe3fef88bd282': created (progress 0%)\n",
      "0:00:45 Job 'j-2502031235124c8ba0ffe3fef88bd282': created (progress 0%)\n",
      "0:00:58 Job 'j-2502031235124c8ba0ffe3fef88bd282': running (progress N/A)\n",
      "0:01:13 Job 'j-2502031235124c8ba0ffe3fef88bd282': running (progress N/A)\n",
      "0:01:32 Job 'j-2502031235124c8ba0ffe3fef88bd282': running (progress N/A)\n",
      "0:01:56 Job 'j-2502031235124c8ba0ffe3fef88bd282': running (progress N/A)\n",
      "0:02:26 Job 'j-2502031235124c8ba0ffe3fef88bd282': running (progress N/A)\n",
      "0:03:03 Job 'j-2502031235124c8ba0ffe3fef88bd282': running (progress N/A)\n",
      "0:03:50 Job 'j-2502031235124c8ba0ffe3fef88bd282': running (progress N/A)\n",
      "0:04:49 Job 'j-2502031235124c8ba0ffe3fef88bd282': finished (progress 100%)\n"
     ]
    },
    {
     "data": {
      "text/html": [
       "\n",
       "    <script>\n",
       "    if (!window.customElements || !window.customElements.get('openeo-job')) {\n",
       "        var el = document.createElement('script');\n",
       "        el.src = \"https://cdn.jsdelivr.net/npm/@openeo/vue-components@2/assets/openeo.min.js\";\n",
       "        document.head.appendChild(el);\n",
       "\n",
       "        var font = document.createElement('font');\n",
       "        font.as = \"font\";\n",
       "        font.type = \"font/woff2\";\n",
       "        font.crossOrigin = true;\n",
       "        font.href = \"https://use.fontawesome.com/releases/v5.13.0/webfonts/fa-solid-900.woff2\"\n",
       "        document.head.appendChild(font);\n",
       "    }\n",
       "    </script>\n",
       "    <openeo-job>\n",
       "        <script type=\"application/json\">{\"currency\": \"credits\", \"job\": {\"costs\": 5, \"created\": \"2025-02-03T12:35:12Z\", \"id\": \"j-2502031235124c8ba0ffe3fef88bd282\", \"process\": {\"process_graph\": {\"apply1\": {\"arguments\": {\"data\": {\"from_node\": \"loadcollection2\"}, \"process\": {\"process_graph\": {\"eq1\": {\"arguments\": {\"x\": {\"from_parameter\": \"x\"}, \"y\": 3}, \"process_id\": \"eq\", \"result\": true}}}}, \"process_id\": \"apply\"}, \"apply10\": {\"arguments\": {\"data\": {\"from_node\": \"applykernel2\"}, \"process\": {\"process_graph\": {\"gt2\": {\"arguments\": {\"x\": {\"from_parameter\": \"x\"}, \"y\": 0.1}, \"process_id\": \"gt\", \"result\": true}}}}, \"process_id\": \"apply\"}, \"apply11\": {\"arguments\": {\"data\": {\"from_node\": \"loadcollection6\"}, \"process\": {\"process_graph\": {\"eq9\": {\"arguments\": {\"x\": {\"from_parameter\": \"x\"}, \"y\": 3}, \"process_id\": \"eq\", \"result\": true}}}}, \"process_id\": \"apply\"}, \"apply12\": {\"arguments\": {\"data\": {\"from_node\": \"loadcollection6\"}, \"process\": {\"process_graph\": {\"eq10\": {\"arguments\": {\"x\": {\"from_parameter\": \"x\"}, \"y\": 8}, \"process_id\": \"eq\", \"result\": true}}}}, \"process_id\": \"apply\"}, \"apply13\": {\"arguments\": {\"data\": {\"from_node\": \"loadcollection6\"}, \"process\": {\"process_graph\": {\"eq11\": {\"arguments\": {\"x\": {\"from_parameter\": \"x\"}, \"y\": 9}, \"process_id\": \"eq\", \"result\": true}}}}, \"process_id\": \"apply\"}, \"apply14\": {\"arguments\": {\"data\": {\"from_node\": \"loadcollection6\"}, \"process\": {\"process_graph\": {\"eq12\": {\"arguments\": {\"x\": {\"from_parameter\": \"x\"}, \"y\": 10}, \"process_id\": \"eq\", \"result\": true}}}}, \"process_id\": \"apply\"}, \"apply15\": {\"arguments\": {\"data\": {\"from_node\": \"applykernel3\"}, \"process\": {\"process_graph\": {\"gt3\": {\"arguments\": {\"x\": {\"from_parameter\": \"x\"}, \"y\": 0.1}, \"process_id\": \"gt\", \"result\": true}}}}, \"process_id\": \"apply\"}, \"apply2\": {\"arguments\": {\"data\": {\"from_node\": \"loadcollection2\"}, \"process\": {\"process_graph\": {\"eq2\": {\"arguments\": {\"x\": {\"from_parameter\": \"x\"}, \"y\": 8}, \"process_id\": \"eq\", \"result\": true}}}}, \"process_id\": \"apply\"}, \"apply3\": {\"arguments\": {\"data\": {\"from_node\": \"loadcollection2\"}, \"process\": {\"process_graph\": {\"eq3\": {\"arguments\": {\"x\": {\"from_parameter\": \"x\"}, \"y\": 9}, \"process_id\": \"eq\", \"result\": true}}}}, \"process_id\": \"apply\"}, \"apply4\": {\"arguments\": {\"data\": {\"from_node\": \"loadcollection2\"}, \"process\": {\"process_graph\": {\"eq4\": {\"arguments\": {\"x\": {\"from_parameter\": \"x\"}, \"y\": 10}, \"process_id\": \"eq\", \"result\": true}}}}, \"process_id\": \"apply\"}, \"apply5\": {\"arguments\": {\"data\": {\"from_node\": \"applykernel1\"}, \"process\": {\"process_graph\": {\"gt1\": {\"arguments\": {\"x\": {\"from_parameter\": \"x\"}, \"y\": 0.1}, \"process_id\": \"gt\", \"result\": true}}}}, \"process_id\": \"apply\"}, \"apply6\": {\"arguments\": {\"data\": {\"from_node\": \"loadcollection4\"}, \"process\": {\"process_graph\": {\"eq5\": {\"arguments\": {\"x\": {\"from_parameter\": \"x\"}, \"y\": 3}, \"process_id\": \"eq\", \"result\": true}}}}, \"process_id\": \"apply\"}, \"apply7\": {\"arguments\": {\"data\": {\"from_node\": \"loadcollection4\"}, \"process\": {\"process_graph\": {\"eq6\": {\"arguments\": {\"x\": {\"from_parameter\": \"x\"}, \"y\": 8}, \"process_id\": \"eq\", \"result\": true}}}}, \"process_id\": \"apply\"}, \"apply8\": {\"arguments\": {\"data\": {\"from_node\": \"loadcollection4\"}, \"process\": {\"process_graph\": {\"eq7\": {\"arguments\": {\"x\": {\"from_parameter\": \"x\"}, \"y\": 9}, \"process_id\": \"eq\", \"result\": true}}}}, \"process_id\": \"apply\"}, \"apply9\": {\"arguments\": {\"data\": {\"from_node\": \"loadcollection4\"}, \"process\": {\"process_graph\": {\"eq8\": {\"arguments\": {\"x\": {\"from_parameter\": \"x\"}, \"y\": 10}, \"process_id\": \"eq\", \"result\": true}}}}, \"process_id\": \"apply\"}, \"applykernel1\": {\"arguments\": {\"border\": 0, \"data\": {\"from_node\": \"mergecubes3\"}, \"factor\": 1, \"kernel\": [[3.5713954074985053e-06, 2.0713152601434825e-05, 8.128458481216907e-05, 0.00021583600643790027, 0.0003877870659458747, 0.0004714291802648667, 0.0003877870659458747, 0.00021583600643790027, 8.128458481216907e-05, 2.0713152601434825e-05, 3.5713954074985053e-06], [2.0713152601434825e-05, 0.00012013082891620589, 0.00047142918026486666, 0.001251791982720796, 0.002249062833237385, 0.002734165063631252, 0.002249062833237385, 0.001251791982720796, 0.00047142918026486666, 0.00012013082891620589, 2.0713152601434825e-05], [8.128458481216907e-05, 0.00047142918026486666, 0.0018500286230458429, 0.004912404863932368, 0.008825992939554635, 0.01072967868685566, 0.008825992939554635, 0.004912404863932368, 0.0018500286230458429, 0.00047142918026486666, 8.128458481216907e-05], [0.00021583600643790027, 0.001251791982720796, 0.004912404863932368, 0.013043971994042173, 0.023435772887621185, 0.028490654205643125, 0.023435772887621185, 0.013043971994042173, 0.004912404863932368, 0.001251791982720796, 0.00021583600643790027], [0.0003877870659458747, 0.002249062833237385, 0.008825992939554635, 0.023435772887621185, 0.04210645738054507, 0.05118843414323286, 0.04210645738054507, 0.023435772887621185, 0.008825992939554635, 0.002249062833237385, 0.0003877870659458747], [0.0004714291802648667, 0.002734165063631252, 0.01072967868685566, 0.028490654205643125, 0.05118843414323286, 0.0622293100166331, 0.05118843414323286, 0.028490654205643125, 0.01072967868685566, 0.002734165063631252, 0.0004714291802648667], [0.0003877870659458747, 0.002249062833237385, 0.008825992939554635, 0.023435772887621185, 0.04210645738054507, 0.05118843414323286, 0.04210645738054507, 0.023435772887621185, 0.008825992939554635, 0.002249062833237385, 0.0003877870659458747], [0.00021583600643790027, 0.001251791982720796, 0.004912404863932368, 0.013043971994042173, 0.023435772887621185, 0.028490654205643125, 0.023435772887621185, 0.013043971994042173, 0.004912404863932368, 0.001251791982720796, 0.00021583600643790027], [8.128458481216907e-05, 0.00047142918026486666, 0.0018500286230458429, 0.004912404863932368, 0.008825992939554635, 0.01072967868685566, 0.008825992939554635, 0.004912404863932368, 0.0018500286230458429, 0.00047142918026486666, 8.128458481216907e-05], [2.0713152601434825e-05, 0.00012013082891620589, 0.00047142918026486666, 0.001251791982720796, 0.002249062833237385, 0.002734165063631252, 0.002249062833237385, 0.001251791982720796, 0.00047142918026486666, 0.00012013082891620589, 2.0713152601434825e-05], [3.5713954074985053e-06, 2.0713152601434825e-05, 8.128458481216907e-05, 0.00021583600643790027, 0.0003877870659458747, 0.0004714291802648667, 0.0003877870659458747, 0.00021583600643790027, 8.128458481216907e-05, 2.0713152601434825e-05, 3.5713954074985053e-06]], \"replace_invalid\": 0}, \"process_id\": \"apply_kernel\"}, \"applykernel2\": {\"arguments\": {\"border\": 0, \"data\": {\"from_node\": \"mergecubes6\"}, \"factor\": 1, \"kernel\": [[3.5713954074985053e-06, 2.0713152601434825e-05, 8.128458481216907e-05, 0.00021583600643790027, 0.0003877870659458747, 0.0004714291802648667, 0.0003877870659458747, 0.00021583600643790027, 8.128458481216907e-05, 2.0713152601434825e-05, 3.5713954074985053e-06], [2.0713152601434825e-05, 0.00012013082891620589, 0.00047142918026486666, 0.001251791982720796, 0.002249062833237385, 0.002734165063631252, 0.002249062833237385, 0.001251791982720796, 0.00047142918026486666, 0.00012013082891620589, 2.0713152601434825e-05], [8.128458481216907e-05, 0.00047142918026486666, 0.0018500286230458429, 0.004912404863932368, 0.008825992939554635, 0.01072967868685566, 0.008825992939554635, 0.004912404863932368, 0.0018500286230458429, 0.00047142918026486666, 8.128458481216907e-05], [0.00021583600643790027, 0.001251791982720796, 0.004912404863932368, 0.013043971994042173, 0.023435772887621185, 0.028490654205643125, 0.023435772887621185, 0.013043971994042173, 0.004912404863932368, 0.001251791982720796, 0.00021583600643790027], [0.0003877870659458747, 0.002249062833237385, 0.008825992939554635, 0.023435772887621185, 0.04210645738054507, 0.05118843414323286, 0.04210645738054507, 0.023435772887621185, 0.008825992939554635, 0.002249062833237385, 0.0003877870659458747], [0.0004714291802648667, 0.002734165063631252, 0.01072967868685566, 0.028490654205643125, 0.05118843414323286, 0.0622293100166331, 0.05118843414323286, 0.028490654205643125, 0.01072967868685566, 0.002734165063631252, 0.0004714291802648667], [0.0003877870659458747, 0.002249062833237385, 0.008825992939554635, 0.023435772887621185, 0.04210645738054507, 0.05118843414323286, 0.04210645738054507, 0.023435772887621185, 0.008825992939554635, 0.002249062833237385, 0.0003877870659458747], [0.00021583600643790027, 0.001251791982720796, 0.004912404863932368, 0.013043971994042173, 0.023435772887621185, 0.028490654205643125, 0.023435772887621185, 0.013043971994042173, 0.004912404863932368, 0.001251791982720796, 0.00021583600643790027], [8.128458481216907e-05, 0.00047142918026486666, 0.0018500286230458429, 0.004912404863932368, 0.008825992939554635, 0.01072967868685566, 0.008825992939554635, 0.004912404863932368, 0.0018500286230458429, 0.00047142918026486666, 8.128458481216907e-05], [2.0713152601434825e-05, 0.00012013082891620589, 0.00047142918026486666, 0.001251791982720796, 0.002249062833237385, 0.002734165063631252, 0.002249062833237385, 0.001251791982720796, 0.00047142918026486666, 0.00012013082891620589, 2.0713152601434825e-05], [3.5713954074985053e-06, 2.0713152601434825e-05, 8.128458481216907e-05, 0.00021583600643790027, 0.0003877870659458747, 0.0004714291802648667, 0.0003877870659458747, 0.00021583600643790027, 8.128458481216907e-05, 2.0713152601434825e-05, 3.5713954074985053e-06]], \"replace_invalid\": 0}, \"process_id\": \"apply_kernel\"}, \"applykernel3\": {\"arguments\": {\"border\": 0, \"data\": {\"from_node\": \"mergecubes9\"}, \"factor\": 1, \"kernel\": [[3.5713954074985053e-06, 2.0713152601434825e-05, 8.128458481216907e-05, 0.00021583600643790027, 0.0003877870659458747, 0.0004714291802648667, 0.0003877870659458747, 0.00021583600643790027, 8.128458481216907e-05, 2.0713152601434825e-05, 3.5713954074985053e-06], [2.0713152601434825e-05, 0.00012013082891620589, 0.00047142918026486666, 0.001251791982720796, 0.002249062833237385, 0.002734165063631252, 0.002249062833237385, 0.001251791982720796, 0.00047142918026486666, 0.00012013082891620589, 2.0713152601434825e-05], [8.128458481216907e-05, 0.00047142918026486666, 0.0018500286230458429, 0.004912404863932368, 0.008825992939554635, 0.01072967868685566, 0.008825992939554635, 0.004912404863932368, 0.0018500286230458429, 0.00047142918026486666, 8.128458481216907e-05], [0.00021583600643790027, 0.001251791982720796, 0.004912404863932368, 0.013043971994042173, 0.023435772887621185, 0.028490654205643125, 0.023435772887621185, 0.013043971994042173, 0.004912404863932368, 0.001251791982720796, 0.00021583600643790027], [0.0003877870659458747, 0.002249062833237385, 0.008825992939554635, 0.023435772887621185, 0.04210645738054507, 0.05118843414323286, 0.04210645738054507, 0.023435772887621185, 0.008825992939554635, 0.002249062833237385, 0.0003877870659458747], [0.0004714291802648667, 0.002734165063631252, 0.01072967868685566, 0.028490654205643125, 0.05118843414323286, 0.0622293100166331, 0.05118843414323286, 0.028490654205643125, 0.01072967868685566, 0.002734165063631252, 0.0004714291802648667], [0.0003877870659458747, 0.002249062833237385, 0.008825992939554635, 0.023435772887621185, 0.04210645738054507, 0.05118843414323286, 0.04210645738054507, 0.023435772887621185, 0.008825992939554635, 0.002249062833237385, 0.0003877870659458747], [0.00021583600643790027, 0.001251791982720796, 0.004912404863932368, 0.013043971994042173, 0.023435772887621185, 0.028490654205643125, 0.023435772887621185, 0.013043971994042173, 0.004912404863932368, 0.001251791982720796, 0.00021583600643790027], [8.128458481216907e-05, 0.00047142918026486666, 0.0018500286230458429, 0.004912404863932368, 0.008825992939554635, 0.01072967868685566, 0.008825992939554635, 0.004912404863932368, 0.0018500286230458429, 0.00047142918026486666, 8.128458481216907e-05], [2.0713152601434825e-05, 0.00012013082891620589, 0.00047142918026486666, 0.001251791982720796, 0.002249062833237385, 0.002734165063631252, 0.002249062833237385, 0.001251791982720796, 0.00047142918026486666, 0.00012013082891620589, 2.0713152601434825e-05], [3.5713954074985053e-06, 2.0713152601434825e-05, 8.128458481216907e-05, 0.00021583600643790027, 0.0003877870659458747, 0.0004714291802648667, 0.0003877870659458747, 0.00021583600643790027, 8.128458481216907e-05, 2.0713152601434825e-05, 3.5713954074985053e-06]], \"replace_invalid\": 0}, \"process_id\": \"apply_kernel\"}, \"loadcollection1\": {\"arguments\": {\"bands\": [\"B04\", \"B08\", \"B12\"], \"id\": \"SENTINEL2_L2A\", \"properties\": {\"eo:cloud_cover\": {\"process_graph\": {\"lte1\": {\"arguments\": {\"x\": {\"from_parameter\": \"value\"}, \"y\": 90}, \"process_id\": \"lte\", \"result\": true}}}}, \"spatial_extent\": {\"east\": -2.5921, \"north\": 38.3002, \"south\": 38.2239, \"west\": -2.691}, \"temporal_extent\": [\"2017-05-03\", \"2017-08-03\"]}, \"process_id\": \"load_collection\"}, \"loadcollection2\": {\"arguments\": {\"bands\": [\"SCL\"], \"id\": \"SENTINEL2_L2A\", \"properties\": {\"eo:cloud_cover\": {\"process_graph\": {\"lte2\": {\"arguments\": {\"x\": {\"from_parameter\": \"value\"}, \"y\": 90}, \"process_id\": \"lte\", \"result\": true}}}}, \"spatial_extent\": {\"east\": -2.5921, \"north\": 38.3002, \"south\": 38.2239, \"west\": -2.691}, \"temporal_extent\": [\"2017-05-03\", \"2017-08-03\"]}, \"process_id\": \"load_collection\"}, \"loadcollection3\": {\"arguments\": {\"bands\": [\"B04\", \"B08\", \"B12\"], \"id\": \"SENTINEL2_L2A\", \"properties\": {\"eo:cloud_cover\": {\"process_graph\": {\"lte3\": {\"arguments\": {\"x\": {\"from_parameter\": \"value\"}, \"y\": 90}, \"process_id\": \"lte\", \"result\": true}}}}, \"spatial_extent\": {\"east\": -2.5921, \"north\": 38.3002, \"south\": 38.2239, \"west\": -2.691}, \"temporal_extent\": [\"2017-08-03\", \"2017-08-08\"]}, \"process_id\": \"load_collection\"}, \"loadcollection4\": {\"arguments\": {\"bands\": [\"SCL\"], \"id\": \"SENTINEL2_L2A\", \"properties\": {\"eo:cloud_cover\": {\"process_graph\": {\"lte4\": {\"arguments\": {\"x\": {\"from_parameter\": \"value\"}, \"y\": 90}, \"process_id\": \"lte\", \"result\": true}}}}, \"spatial_extent\": {\"east\": -2.5921, \"north\": 38.3002, \"south\": 38.2239, \"west\": -2.691}, \"temporal_extent\": [\"2017-08-03\", \"2017-08-08\"]}, \"process_id\": \"load_collection\"}, \"loadcollection5\": {\"arguments\": {\"bands\": [\"B04\", \"B08\", \"B12\"], \"id\": \"SENTINEL2_L2A\", \"properties\": {\"eo:cloud_cover\": {\"process_graph\": {\"lte5\": {\"arguments\": {\"x\": {\"from_parameter\": \"value\"}, \"y\": 90}, \"process_id\": \"lte\", \"result\": true}}}}, \"spatial_extent\": {\"east\": -2.5921, \"north\": 38.3002, \"south\": 38.2239, \"west\": -2.691}, \"temporal_extent\": [\"2017-08-03\", \"2017-11-03\"]}, \"process_id\": \"load_collection\"}, \"loadcollection6\": {\"arguments\": {\"bands\": [\"SCL\"], \"id\": \"SENTINEL2_L2A\", \"properties\": {\"eo:cloud_cover\": {\"process_graph\": {\"lte6\": {\"arguments\": {\"x\": {\"from_parameter\": \"value\"}, \"y\": 90}, \"process_id\": \"lte\", \"result\": true}}}}, \"spatial_extent\": {\"east\": -2.5921, \"north\": 38.3002, \"south\": 38.2239, \"west\": -2.691}, \"temporal_extent\": [\"2017-08-03\", \"2017-11-03\"]}, \"process_id\": \"load_collection\"}, \"mask1\": {\"arguments\": {\"data\": {\"from_node\": \"ndvi1\"}, \"mask\": {\"from_node\": \"apply5\"}}, \"process_id\": \"mask\"}, \"mask2\": {\"arguments\": {\"data\": {\"from_node\": \"ndvi2\"}, \"mask\": {\"from_node\": \"apply10\"}}, \"process_id\": \"mask\"}, \"mask3\": {\"arguments\": {\"data\": {\"from_node\": \"ndvi3\"}, \"mask\": {\"from_node\": \"apply15\"}}, \"process_id\": \"mask\"}, \"mergecubes1\": {\"arguments\": {\"cube1\": {\"from_node\": \"apply1\"}, \"cube2\": {\"from_node\": \"apply2\"}, \"overlap_resolver\": {\"process_graph\": {\"or1\": {\"arguments\": {\"x\": {\"from_parameter\": \"x\"}, \"y\": {\"from_parameter\": \"y\"}}, \"process_id\": \"or\", \"result\": true}}}}, \"process_id\": \"merge_cubes\"}, \"mergecubes2\": {\"arguments\": {\"cube1\": {\"from_node\": \"mergecubes1\"}, \"cube2\": {\"from_node\": \"apply3\"}, \"overlap_resolver\": {\"process_graph\": {\"or2\": {\"arguments\": {\"x\": {\"from_parameter\": \"x\"}, \"y\": {\"from_parameter\": \"y\"}}, \"process_id\": \"or\", \"result\": true}}}}, \"process_id\": \"merge_cubes\"}, \"mergecubes3\": {\"arguments\": {\"cube1\": {\"from_node\": \"mergecubes2\"}, \"cube2\": {\"from_node\": \"apply4\"}, \"overlap_resolver\": {\"process_graph\": {\"or3\": {\"arguments\": {\"x\": {\"from_parameter\": \"x\"}, \"y\": {\"from_parameter\": \"y\"}}, \"process_id\": \"or\", \"result\": true}}}}, \"process_id\": \"merge_cubes\"}, \"mergecubes4\": {\"arguments\": {\"cube1\": {\"from_node\": \"apply6\"}, \"cube2\": {\"from_node\": \"apply7\"}, \"overlap_resolver\": {\"process_graph\": {\"or4\": {\"arguments\": {\"x\": {\"from_parameter\": \"x\"}, \"y\": {\"from_parameter\": \"y\"}}, \"process_id\": \"or\", \"result\": true}}}}, \"process_id\": \"merge_cubes\"}, \"mergecubes5\": {\"arguments\": {\"cube1\": {\"from_node\": \"mergecubes4\"}, \"cube2\": {\"from_node\": \"apply8\"}, \"overlap_resolver\": {\"process_graph\": {\"or5\": {\"arguments\": {\"x\": {\"from_parameter\": \"x\"}, \"y\": {\"from_parameter\": \"y\"}}, \"process_id\": \"or\", \"result\": true}}}}, \"process_id\": \"merge_cubes\"}, \"mergecubes6\": {\"arguments\": {\"cube1\": {\"from_node\": \"mergecubes5\"}, \"cube2\": {\"from_node\": \"apply9\"}, \"overlap_resolver\": {\"process_graph\": {\"or6\": {\"arguments\": {\"x\": {\"from_parameter\": \"x\"}, \"y\": {\"from_parameter\": \"y\"}}, \"process_id\": \"or\", \"result\": true}}}}, \"process_id\": \"merge_cubes\"}, \"mergecubes7\": {\"arguments\": {\"cube1\": {\"from_node\": \"apply11\"}, \"cube2\": {\"from_node\": \"apply12\"}, \"overlap_resolver\": {\"process_graph\": {\"or7\": {\"arguments\": {\"x\": {\"from_parameter\": \"x\"}, \"y\": {\"from_parameter\": \"y\"}}, \"process_id\": \"or\", \"result\": true}}}}, \"process_id\": \"merge_cubes\"}, \"mergecubes8\": {\"arguments\": {\"cube1\": {\"from_node\": \"mergecubes7\"}, \"cube2\": {\"from_node\": \"apply13\"}, \"overlap_resolver\": {\"process_graph\": {\"or8\": {\"arguments\": {\"x\": {\"from_parameter\": \"x\"}, \"y\": {\"from_parameter\": \"y\"}}, \"process_id\": \"or\", \"result\": true}}}}, \"process_id\": \"merge_cubes\"}, \"mergecubes9\": {\"arguments\": {\"cube1\": {\"from_node\": \"mergecubes8\"}, \"cube2\": {\"from_node\": \"apply14\"}, \"overlap_resolver\": {\"process_graph\": {\"or9\": {\"arguments\": {\"x\": {\"from_parameter\": \"x\"}, \"y\": {\"from_parameter\": \"y\"}}, \"process_id\": \"or\", \"result\": true}}}}, \"process_id\": \"merge_cubes\"}, \"ndvi1\": {\"arguments\": {\"data\": {\"from_node\": \"loadcollection1\"}}, \"process_id\": \"ndvi\"}, \"ndvi2\": {\"arguments\": {\"data\": {\"from_node\": \"loadcollection3\"}}, \"process_id\": \"ndvi\"}, \"ndvi3\": {\"arguments\": {\"data\": {\"from_node\": \"loadcollection5\"}}, \"process_id\": \"ndvi\"}, \"reducedimension1\": {\"arguments\": {\"data\": {\"from_node\": \"mask1\"}, \"dimension\": \"t\", \"reducer\": {\"process_graph\": {\"last1\": {\"arguments\": {\"data\": {\"from_parameter\": \"data\"}}, \"process_id\": \"last\", \"result\": true}}}}, \"process_id\": \"reduce_dimension\"}, \"reducedimension2\": {\"arguments\": {\"data\": {\"from_node\": \"mask2\"}, \"dimension\": \"t\", \"reducer\": {\"process_graph\": {\"first1\": {\"arguments\": {\"data\": {\"from_parameter\": \"data\"}}, \"process_id\": \"first\", \"result\": true}}}}, \"process_id\": \"reduce_dimension\"}, \"reducedimension3\": {\"arguments\": {\"data\": {\"from_node\": \"mask3\"}, \"dimension\": \"t\", \"reducer\": {\"process_graph\": {\"first2\": {\"arguments\": {\"data\": {\"from_parameter\": \"data\"}}, \"process_id\": \"first\", \"result\": true}}}}, \"process_id\": \"reduce_dimension\"}, \"saveresult1\": {\"arguments\": {\"data\": {\"from_node\": \"reducedimension1\"}, \"format\": \"GTiff\", \"options\": {\"filename_prefix\": \"NDVI\"}}, \"process_id\": \"save_result\"}, \"saveresult2\": {\"arguments\": {\"data\": {\"from_node\": \"reducedimension2\"}, \"format\": \"GTiff\", \"options\": {\"filename_prefix\": \"ndvi_nrt\"}}, \"process_id\": \"save_result\"}, \"saveresult3\": {\"arguments\": {\"data\": {\"from_node\": \"reducedimension3\"}, \"format\": \"GTiff\", \"options\": {\"filename_prefix\": \"Post_NDVI\"}}, \"process_id\": \"save_result\", \"result\": true}}}, \"progress\": 100, \"status\": \"finished\", \"title\": \"Multiple save result\", \"updated\": \"2025-02-03T12:39:12Z\", \"usage\": {\"cpu\": {\"unit\": \"cpu-seconds\", \"value\": 631.219779496}, \"duration\": {\"unit\": \"seconds\", \"value\": 227}, \"input_pixel\": {\"unit\": \"mega-pixel\", \"value\": 110.25}, \"max_executor_memory\": {\"unit\": \"gb\", \"value\": 1.7939605712890625}, \"memory\": {\"unit\": \"mb-seconds\", \"value\": 4315712.177083334}, \"network_received\": {\"unit\": \"b\", \"value\": 4465763707}}}}</script>\n",
       "    </openeo-job>\n",
       "    "
      ],
      "text/plain": [
       "<BatchJob job_id='j-2502031235124c8ba0ffe3fef88bd282'>"
      ]
     },
     "execution_count": 12,
     "metadata": {},
     "output_type": "execute_result"
    }
   ],
   "source": [
    "multi_result = MultiResult([ndvi_pre, ndvi_nrt, ndvi_post])\n",
    "job = multi_result.create_job(title=\"Multiple save result\")\n",
    "job.start_and_wait()"
   ]
  },
  {
   "cell_type": "code",
   "execution_count": 13,
   "id": "c16fc1f7-15ff-4126-b907-534a731c8d47",
   "metadata": {},
   "outputs": [
    {
     "data": {
      "text/plain": [
       "[PosixPath('data/out/NDVI.tif'),\n",
       " PosixPath('data/out/Post_NDVI.tif'),\n",
       " PosixPath('data/out/ndvi_nrt.tif'),\n",
       " PosixPath('data/out/job-results.json')]"
      ]
     },
     "execution_count": 13,
     "metadata": {},
     "output_type": "execute_result"
    }
   ],
   "source": [
    "results = job.get_results()\n",
    "results.download_files(\"data/out\")"
   ]
  },
  {
   "cell_type": "markdown",
   "id": "8ba3bb18",
   "metadata": {},
   "source": [
    "### Plot the results"
   ]
  },
  {
   "cell_type": "code",
   "execution_count": 15,
   "id": "8a40c8d2-73cb-4be5-a298-6b7db24f2585",
   "metadata": {},
   "outputs": [
    {
     "data": {
